kinematics:
  shoulder:
    x: 0
    y: 0
    z: 0.1811758218957251
    roll: -0
    pitch: 0
    yaw: -1.922110971080971e-08
  upper_arm:
    x: 6.309675919846036e-05
    y: 0
    z: 0
    roll: 1.570816098812174
    pitch: 0
    yaw: -2.525058680782775e-06
  forearm:
    x: -0.6122329736449821
    y: 0
    z: 0
    roll: 3.141533708001403
    pitch: 3.141092807401289
    yaw: -3.141589439140444
  wrist_1:
    x: -0.5710579137356903
    y: 0.0003641863713647558
    z: 0.174510334867149
    roll: 3.139505752301422
    pitch: 3.14063599616515
    yaw: -3.141591018814442
  wrist_2:
    x: 3.886577387300296e-05
    y: -0.119930550502454
    z: -2.631278745209866e-05
    roll: 1.571015726997094
    pitch: 0
    yaw: -6.060882809834357e-07
  wrist_3:
    x: -4.548256625837931e-05
    y: 0.1156420447209884
    z: -5.943079675764482e-05
    roll: 1.570282406519024
    pitch: 3.141592653589793
    yaw: 3.141592619361928
  hash: calib_3061707967054430596